1	11	15	-1	1910	4800	0	12	0	1	200	0	200	-85	-190	0	0	0	0	0	0	0	0	-1	0	-1	0	1	0	0	0	0	
2	11	15	-1	1930	6000	0	12	0	1	200	0	200	-85	-190	0	0	0	0	0	0	0	0	-1	0	0	0	1	0	0	0	0	
3	11	15	-1	1990	2400	0	12	0	1	200	0	200	-68	-155	0	0	0	0	0	0	0	0	-1	0	-1	0	1	0	0	0	0	
4	11	15	-1	2010	3600	0	12	0	1	200	0	200	-65	-150	0	0	0	0	0	0	0	0	-1	0	-1	0	1	0	0	0	0	
5	11	15	-1	2030	0	0	12	0	1	200	0	200	-65	-155	0	0	0	0	0	0	0	0	-1	0	-1	0	1	0	0	0	0	
6	11	15	-1	2050	1200	0	12	0	1	200	0	200	-65	-155	0	0	0	0	0	0	0	0	-1	0	-1	0	1	0	0	0	0	
7	11	14	-1	2070	1200	0	20	0	1	200	0	200	80	30	0	0	0	0	0	0	0	0	-1	0	-1	0	1	0	0	0	0	
8	11	14	-1	2090	2400	0	20	0	1	200	0	200	90	50	0	0	0	0	0	0	0	0	-1	0	-1	0	1	0	0	0	0	
9	11	14	-1	2110	4800	0	10	0	1	200	0	200	0	0	0	0	0	0	0	0	0	0	-1	0	-1	0	1	0	0	0	0	
10	11	14	-1	2120	6000	0	10	0	1	200	0	200	60	10	0	0	0	0	0	0	0	0	-1	0	-1	0	1	0	0	0	0	
11	11	14	-1	2130	8400	0	11	0	1	200	0	200	80	45	0	0	0	0	0	0	0	0	-1	0	-1	0	1	0	0	0	0	
12	11	14	-1	2150	9600	0	14	0	1	200	0	200	90	45	0	0	0	0	0	0	0	0	-1	0	-1	0	1	0	0	0	0	
13	11	17	-1	2250	0	0	14	0	1	200	0	200	85	25	0	0	0	0	0	0	0	0	-1	0	-1	0	1	0	0	0	0	
14	11	17	-1	2268	1200	0	14	0	1	200	0	200	80	20	0	0	0	0	0	0	0	0	-1	0	-1	0	1	0	0	0	0	
15	11	17	-1	2322	2400	0	11	0	1	200	0	200	80	50	0	0	0	0	0	0	0	0	-1	0	-1	0	1	0	0	0	0	
16	11	17	-1	2340	3600	0	11	0	1	200	0	200	65	30	0	0	0	0	0	0	0	0	-1	0	-1	0	1	0	0	0	0	
17	11	17	-1	2286	4800	0	14	0	1	200	0	200	75	50	0	0	0	0	0	0	0	0	-1	0	-1	0	1	0	0	0	0	
18	11	17	-1	2304	6000	0	14	0	1	200	0	200	80	50	0	0	0	0	0	0	0	0	-1	0	-1	0	1	0	0	0	0	
19	11	16	-1	2394	0	0	10	0	1	200	0	200	85	60	0	0	0	0	0	0	0	0	-1	0	-1	0	1	0	0	0	0	
20	11	16	-1	2405	1200	0	14	0	1	200	0	200	85	60	0	0	0	0	0	0	0	0	-1	0	-1	0	1	0	0	0	0	
21	11	16	-1	2556	2400	0	12	0	1	200	0	200	90	60	0	0	0	0	0	0	0	0	-1	0	-1	0	1	0	0	0	0	
22	11	16	-1	2538	3600	0	12	0	1	200	0	200	85	60	0	0	0	0	0	0	0	0	-1	0	-1	0	1	0	0	0	0	
23	11	16	-1	2448	4800	0	14	0	1	200	0	200	87	65	0	0	0	0	0	0	0	0	-1	0	-1	0	1	0	0	0	0	
24	11	16	-1	2466	6000	0	10	0	1	200	0	200	85	60	0	0	0	0	0	0	0	0	-1	0	-1	0	1	0	0	0	0	
26	11	13	-1	2210	0	0	15	0	1	200	0	200	80	40	0	0	0	0	0	0	0	0	-1	0	-1	0	1	0	0	0	0	
27	11	16	-1	2574	3600	0	12	0	1	200	0	200	90	65	0	0	0	0	0	0	0	0	-1	0	-1	0	1	0	0	0	0	
28	11	16	-1	2432	1200	0	14	0	1	200	0	200	90	65	0	0	0	0	0	0	0	0	-1	0	-1	0	1	0	0	0	0	
29	11	16	-1	2502	6000	0	10	0	1	200	0	200	85	65	0	0	0	0	0	0	0	0	-1	0	-1	0	1	0	0	0	0	
30	11	13	-1	2230	0	0	15	0	1	200	0	200	80	40	0	0	0	0	0	0	0	0	-1	0	-1	0	1	0	0	0	0	
31	11	16	-1	2556	2400	0	12	0	1	200	0	200	90	65	0	0	0	0	0	0	0	0	-1	0	-1	0	1	0	0	0	0	
32	11	16	-1	2421	0	0	10	0	1	200	0	200	85	60	0	0	0	0	0	0	0	0	-1	0	-1	0	1	0	0	0	0	
33	11	16	-1	2484	4800	0	14	0	1	200	0	200	87	65	0	0	0	0	0	0	0	0	-1	0	-1	0	1	0	0	0	0	
34	18	-1	18	1868	0	1868	10	0	10	200	0	200	17	17	0	0	17	17	0	0	0	0	-1	-1	0	0	1	0	0	0	0	
35	5	-1	5	250	0	250	8	0	8	200	0	200	-22	-22	0	0	-20	-20	0	0	0	0	-1	-1	0	0	1	0	0	0	0	
36	6	-1	6	600	0	600	1	0	1	300	0	300	0	0	0	0	0	0	0	0	1	1	-1	-1	0	0	1	0	0	0	0	0	°×
37	6	-1	6	614	0	614	1	0	1	300	0	300	0	0	0	0	0	0	0	0	1	1	-1	-1	0	0	1	0	0	0	0	0	ÂÌ
38	6	-1	6	610	0	610	1	0	1	300	0	300	0	0	0	0	0	0	0	0	1	1	-1	-1	0	0	1	0	0	0	0	0	À¶
39	6	-1	6	602	0	602	1	0	1	300	0	300	0	0	0	0	0	0	0	0	1	1	-1	-1	0	0	1	0	0	0	0	0	»Æ
40	6	-1	6	606	0	606	1	0	1	300	0	300	0	0	0	0	0	0	0	0	1	1	-1	-1	0	0	1	0	0	0	0	0	ºì
41	6	-1	6	616	0	616	1	0	1	300	0	300	0	0	0	0	0	0	0	0	1	1	-1	-1	0	0	1	0	0	0	0	0	·Û
42	6	-1	6	754	0	754	1	0	1	300	0	200	0	0	0	0	0	0	0	0	1	1	-1	-1	0	0	1	0	0	0	0	0	×Ï
43	6	-1	6	752	0	752	1	0	1	300	0	300	0	0	0	0	0	0	0	0	1	1	-1	-1	0	0	1	0	0	0	0	0	³È