1	命运之书	0	1	1	0	0
2	金创药(小量)	0	1	1	0	0
2	魔法药(小量)	0	1	1	0	0
2	金创药(中量)	0	1	1	0	0
2	魔法药(中量)	0	1	1	0	0
2	强效金创药	0	1	1	0	0
2	强效魔法药	0	1	1	0	0
2	神水	0	1	1	0	0
2	鹿血	0	1	1	0	0
2	鹿茸	0	1	1	0	0
2	太阳水	0	1	1	0	0
2	疗伤药	0	1	1	0	0
2	特殊药水	0	1	1	0	0
2	万年雪霜	0	1	1	0	0
2	强效太阳水	0	1	1	0	0
2	干肉	0	1	1	0	0
2	修复神水	0	1	1	0	0
1	记路标石	0	1	1	0	0
2	随机传送石	0	1	1	0	0
2	强化召唤卷	0	1	1	0	0
1	聚灵珠(小)	0	1	1	0	0
1	聚灵珠(大)	0	1	1	0	0
1	斗笠	0	1	1	0	0
2	比奇传送石	0	1	1	0	0
2	盟重传送石	0	1	1	0	0
1	彩票	0	1	1	0	0
1	祝福油	0	1	1	0	0
1	战神油	0	1	1	0	0
1	修复油	0	1	1	0	0
1	回城卷	0	1	1	0	0
1	行会回城卷	0	1	1	0	0
1	随机传送卷	0	1	1	0	0
1	地牢逃脱卷	0	1	1	0	0
1	攻击神水	0	1	1	0	0
1	魔力神水	0	1	1	0	0
1	精神神水	0	1	1	0	0
1	极速神水	0	1	1	0	0
1	体力强效神水	0	1	1	0	0
1	魔力强效神水	0	1	1	0	0
4	木剑	0	1	1	0	0
4	匕首	0	1	1	0	0
4	青铜剑	0	1	1	0	0
4	乌木剑	0	1	1	0	0
4	铁剑	0	1	1	0	0
4	短剑	0	1	1	0	0
4	鹤嘴锄	0	1	1	0	0
4	青铜斧	0	1	1	0	0
4	八荒	0	1	1	0	0
4	半月	0	1	1	0	0
4	海魂	0	1	1	0	0
4	罗刹	0	1	1	0	0
4	凌风	0	1	1	0	0
4	破魂	0	1	1	0	0
4	祈祷之刃	0	1	1	0	0
4	斩马刀	0	1	1	0	0
4	偃月	0	1	1	0	0
4	降魔	0	1	1	0	0
4	修罗	0	1	1	0	0
4	凝霜	0	1	1	0	0
4	炼狱	0	1	1	0	0
4	魔杖	0	1	1	0	0
4	银蛇	0	1	1	0	0
4	井中月	0	1	1	0	0
4	无极棍	0	1	1	0	0
4	血饮	0	1	1	0	0
4	裁决之杖	0	1	1	0	0
4	命运之刃	0	1	1	0	0
4	屠龙	0	1	1	0	0
4	龙纹剑	0	1	1	0	0
4	嗜魂法杖	0	1	1	0	0
4	骨玉权杖	0	1	1	0	0
4	赤血魔剑	0	1	1	0	0
4	龙牙	0	1	1	0	0
4	怒斩	0	1	1	0	0
4	逍遥扇	0	1	1	0	0
4	霸者之刃	0	1	1	0	0
1	千里传音(大)	0	1	1	0	0
1	千里传音	0	1	1	0	0
3	布衣(男)	0	1	1	0	0
3	布衣(女)	0	1	1	0	0
3	轻型盔甲(男)	0	1	1	0	0
3	轻型盔甲(女)	0	1	1	0	0
3	中型盔甲(男)	0	1	1	0	0
3	中型盔甲(女)	0	1	1	0	0
3	重盔甲(男)	0	1	1	0	0
3	重盔甲(女)	0	1	1	0	0
3	魔法长袍(男)	0	1	1	0	0
3	魔法长袍(女)	0	1	1	0	0
3	灵魂战衣(男)	0	1	1	0	0
3	灵魂战衣(女)	0	1	1	0	0
3	战神盔甲(男)	0	1	1	0	0
3	战神盔甲(女)	0	1	1	0	0
3	恶魔长袍(女)	0	1	1	0	0
3	恶魔长袍(男)	0	1	1	0	0
3	幽灵战衣(女)	0	1	1	0	0
3	幽灵战衣(男)	0	1	1	0	0
3	天魔神甲	0	1	1	0	0
3	圣战宝甲	0	1	1	0	0
3	法神披风	0	1	1	0	0
3	霓裳羽衣	0	1	1	0	0
3	天尊道袍	0	1	1	0	0
3	天师长袍	0	1	1	0	0
5	青铜头盔	0	1	1	0	0
5	骷髅头盔	0	1	1	0	0
5	魔法头盔	0	1	1	0	0
5	道士头盔	0	1	1	0	0
5	祈福神项链	0	1	1	0	0
5	探测项链	0	1	1	0	0
5	金项链	0	1	1	0	0
5	传统项链	0	1	1	0	0
5	白金项链	0	1	1	0	0
5	白色虎齿项链	0	1	1	0	0
5	躲避手链	0	1	1	0	0
5	黑檀项链	0	1	1	0	0
5	黄色水晶项链	0	1	1	0	0
5	黑色水晶项链	0	1	1	0	0
5	技巧项链	0	1	1	0	0
5	魔鬼项链	0	1	1	0	0
5	琥珀项链	0	1	1	0	0
5	凤凰明珠	0	1	1	0	0
5	灯笼项链	0	1	1	0	0
5	蓝翡翠项链	0	1	1	0	0
5	竹笛	0	1	1	0	0
5	放大镜	0	1	1	0	0
5	铁手镯	0	1	1	0	0
5	小手镯	0	1	1	0	0
5	银手镯	0	1	1	0	0
5	皮制手套	0	1	1	0	0
5	钢手镯	0	1	1	0	0
5	大手镯	0	1	1	0	0
5	夏普儿手镯	0	1	1	0	0
5	坚固手套	0	1	1	0	0
5	魔法手镯	0	1	1	0	0
5	道士手镯	0	1	1	0	0
5	黑檀手镯	0	1	1	0	0
5	避邪手镯	0	1	1	0	0
5	魔力手镯	0	1	1	0	0
5	死神手套	0	1	1	0	0
5	金手镯	0	1	1	0	0
5	求婚戒指	0	1	1	0	0
5	古铜戒指	0	1	1	0	0
5	六角戒指	0	1	1	0	0
5	玻璃戒指	0	1	1	0	0
5	牛角戒指	0	1	1	0	0
5	生铁戒指	0	1	1	0	0
5	隐身戒指	0	1	1	0	0
5	传送戒指	0	1	1	0	0
5	麻痹戒指	0	1	1	0	0
5	复活戒指	0	1	1	0	0
5	火焰戒指	0	1	1	0	0
5	防御戒指	0	1	1	0	0
5	护身戒指	0	1	1	0	0
5	超负载戒指	0	1	1	0	0
5	蓝色水晶戒指	0	1	1	0	0
5	黑色水晶戒指	0	1	1	0	0
5	蛇眼戒指	0	1	1	0	0
5	珍珠戒指	0	1	1	0	0
5	金戒指	0	1	1	0	0
5	魅力戒指	0	1	1	0	0
5	道德戒指	0	1	1	0	0
5	降妖除魔戒指	0	1	1	0	0
5	珊瑚戒指	0	1	1	0	0
5	骷髅戒指	0	1	1	0	0
2	灰色药粉(少量)	0	1	1	0	0
2	黄色药粉(少量)	0	1	1	0	0
2	灰色药粉(中量)	0	1	1	0	0
2	黄色药粉(中量)	0	1	1	0	0
2	黄色药粉(大量)	0	1	1	0	0
2	灰色药粉(大量)	0	1	1	0	0
2	护身符	0	1	1	0	0
2	护身符(大)	0	1	1	0	0
2	超级灰色药粉	0	1	1	0	0
2	超级黄色药粉	0	1	1	0	0
2	超级护身符	0	1	1	0	0
7	蜡烛	0	1	1	0	0
7	火把	0	1	1	0	0
7	火炬	0	1	1	0	0
5	精灵头盔	0	1	1	0	0
7	荣誉勋章11号	0	1	1	0	0
7	荣誉勋章12号	0	1	1	0	0
7	荣誉勋章13号	0	1	1	0	0
7	荣誉勋章14号	0	1	1	0	0
7	荣誉勋章15号	0	1	1	0	0
7	荣誉勋章21号	0	1	1	0	0
7	荣誉勋章22号	0	1	1	0	0
7	荣誉勋章23号	0	1	1	0	0
7	荣誉勋章24号	0	1	1	0	0
7	荣誉勋章25号	0	1	1	0	0
7	荣誉勋章31号	0	1	1	0	0
7	荣誉勋章32号	0	1	1	0	0
7	荣誉勋章33号	0	1	1	0	0
7	荣誉勋章34号	0	1	1	0	0
7	荣誉勋章35号	0	1	1	0	0
7	荣誉勋章41号	0	1	1	0	0
7	荣誉勋章42号	0	1	1	0	0
7	荣誉勋章43号	0	1	1	0	0
7	荣誉勋章44号	0	1	1	0	0
7	荣誉勋章45号	0	1	1	0	0
1	筹码包	0	1	1	0	0
1	回城卷包	0	1	1	0	0
1	地牢逃脱卷包	0	1	1	0	0
1	随机传送卷包	0	1	1	0	0
1	行会回城卷包	0	1	1	0	0
1	金创药(小)包	0	1	1	0	0
1	魔法药(小)包	0	1	1	0	0
1	金创药(中)包	0	1	1	0	0
1	魔法药(中)包	0	1	1	0	0
1	超级金创药	0	1	1	0	0
1	超级魔法药	0	1	1	0	0
1	庆典蛋糕	0	1	1	0	0
2	金条	0	1	1	0	0
2	金砖	0	1	1	0	0
2	金盒	0	1	1	0	0
1	反璞归真	0	1	1	0	0
1	个性发型	0	1	1	0	0
1	双倍卷轴	0	1	1	0	0
1	双倍宝典(小)	0	1	1	0	0
1	双倍宝典(中)	0	1	1	0	0
1	双倍宝典(大)	0	1	1	0	0
2	一心一意	0	1	1	0	0
2	心心相印	0	1	1	0	0
2	飞火流星	0	1	1	0	0
2	浪漫星雨	0	1	1	0	0
2	绮梦幻想	0	1	1	0	0
2	长空火舞	0	1	1	0	0
2	如雾似梦	0	1	1	0	0
1	一心一意包	0	1	1	0	0
1	心心相印包	0	1	1	0	0
1	飞火流星包	0	1	1	0	0
1	浪漫星雨包	0	1	1	0	0
1	绮梦幻想包	0	1	1	0	0
1	长空火舞包	0	1	1	0	0
1	如雾似梦包	0	1	1	0	0
1	肉	0	1	1	0	0
1	鸡肉	0	1	1	0	0
1	血剑碎片	0	1	1	0	0
1	蛆卵	0	1	1	0	0
1	薄荷叶	0	1	1	0	0
1	食人树叶	0	1	1	0	0
1	毒蜘蛛牙齿	0	1	1	0	0
1	蝎子尾巴	0	1	1	0	0
1	食人树果实	0	1	1	0	0
1	铜矿	0	1	1	0	0
1	铁矿	0	1	1	0	0
1	银矿	0	1	1	0	0
1	金矿	0	1	1	0	0
1	黑铁矿	0	1	1	0	0
1	绿宝石矿	0	1	1	0	0
1	紫水晶矿	0	1	1	0	0
1	沃玛号角	0	1	1	0	0
1	祖玛头像	0	1	1	0	0
1	玉水晶	0	1	1	0	0
1	红蛇果	0	1	1	0	0
1	勋章之心	0	1	1	0	0
1	骰子	0	1	1	0	0
1	木料	0	1	1	0	0
1	佛牌	0	1	1	0	0
1	筹码	0	1	1	0	0
1	幻境凭证	0	1	1	0	0
1	赤月恶魔油	0	1	1	0	0
1	药剂师的信	0	1	1	0	0
5	狂风戒指	0	1	1	0	0
5	狂风项链	0	1	1	0	0
5	神秘头盔	0	1	1	0	0
5	神秘戒指	0	1	1	0	0
5	神秘腰带	0	1	1	0	0
5	祈祷头盔	0	1	1	0	0
5	祈祷项链	0	1	1	0	0
5	祈祷手镯	0	1	1	0	0
5	祈祷戒指	0	1	1	0	0
5	记忆头盔	0	1	1	0	0
5	记忆项链	0	1	1	0	0
5	记忆手镯	0	1	1	0	0
5	记忆戒指	0	1	1	0	0
5	幽灵项链	0	1	1	0	0
5	幽灵手套	0	1	1	0	0
5	龙之戒指	0	1	1	0	0
5	生命项链	0	1	1	0	0
5	思贝儿手镯	0	1	1	0	0
5	红宝石戒指	0	1	1	0	0
5	天珠项链	0	1	1	0	0
5	心灵手镯	0	1	1	0	0
5	铂金戒指	0	1	1	0	0
5	黑铁头盔	0	1	1	0	0
5	绿色项链	0	1	1	0	0
5	骑士手镯	0	1	1	0	0
5	阎罗手套	0	1	1	0	0
5	力量戒指	0	1	1	0	0
5	恶魔铃铛	0	1	1	0	0
5	龙之手镯	0	1	1	0	0
5	紫碧螺	0	1	1	0	0
5	灵魂项链	0	1	1	0	0
5	三眼手镯	0	1	1	0	0
5	泰坦戒指	0	1	1	0	0
5	魔血项链	0	1	1	0	0
5	魔血手镯	0	1	1	0	0
5	魔血戒指	0	1	1	0	0
5	虹魔项链	0	1	1	0	0
5	虹魔手镯	0	1	1	0	0
5	虹魔戒指	0	1	1	0	0
5	圣战头盔	0	1	1	0	0
5	圣战项链	0	1	1	0	0
5	圣战手镯	0	1	1	0	0
5	圣战戒指	0	1	1	0	0
5	法神头盔	0	1	1	0	0
5	法神项链	0	1	1	0	0
5	法神手镯	0	1	1	0	0
5	法神戒指	0	1	1	0	0
5	天尊头盔	0	1	1	0	0
5	天尊项链	0	1	1	0	0
5	天尊手镯	0	1	1	0	0
5	天尊戒指	0	1	1	0	0
1	重铸石	0	1	1	0	0
1	书页	0	1	1	0	0
7	法师之星	0	1	1	0	0
7	武士之星	0	1	1	0	0
7	道士之星	0	1	1	0	0
7	法师之魂	0	1	1	0	0
7	武士之魂	0	1	1	0	0
7	道士之魂	0	1	1	0	0
2	属性重置水	0	1	1	0	0
1	一星珠	0	1	1	0	0
1	二星珠	0	1	1	0	0
1	三星珠	0	1	1	0	0
1	四星珠	0	1	1	0	0
1	五星珠	0	1	1	0	0
1	六星珠	0	1	1	0	0
1	七星珠	0	1	1	0	0
1	BOSS之家凭证	0	1	1	0	0
2	藏宝盒	0	1	1	0	0
2	比奇藏宝图・一	0	1	1	0	0
2	比奇藏宝图・二	0	1	1	0	0
2	比奇藏宝图・三	0	1	1	0	0
2	盟重藏宝图・一	0	1	1	0	0
2	盟重藏宝图・二	0	1	1	0	0
2	盟重藏宝图・三	0	1	1	0	0
2	封魔藏宝图・一	0	1	1	0	0
2	封魔藏宝图・二	0	1	1	0	0
2	封魔藏宝图・三	0	1	1	0	0
2	苍月藏宝图・一	0	1	1	0	0
2	苍月藏宝图・二	0	1	1	0	0
2	苍月藏宝图・三	0	1	1	0	0
1	洛阳铲	0	1	1	0	0
1	任务卡	0	1	1	0	0
1	魔血石(小)	0	1	1	0	0
1	魔血石(中)	0	1	1	0	0
1	魔血石(大)	0	1	1	0	0
1	魔法神石	0	1	1	0	0
1	狐月卷轴	0	1	1	0	0
1	斗笠11号	0	1	1	0	0
1	斗笠12号	0	1	1	0	0
1	斗笠13号	0	1	1	0	0
1	斗笠14号	0	1	1	0	0
1	斗笠15号	0	1	1	0	0
1	斗笠16号	0	1	1	0	0
1	斗笠17号	0	1	1	0	0
1	斗笠23号	0	1	1	0	0
1	斗笠24号	0	1	1	0	0
1	斗笠25号	0	1	1	0	0
1	斗笠26号	0	1	1	0	0
1	斗笠27号	0	1	1	0	0
1	斗笠33号	0	1	1	0	0
1	斗笠34号	0	1	1	0	0
1	斗笠35号	0	1	1	0	0
1	斗笠36号	0	1	1	0	0
1	斗笠37号	0	1	1	0	0
1	斗笠41号	0	1	1	0	0
1	斗笠42号	0	1	1	0	0
1	斗笠43号	0	1	1	0	0
1	斗笠44号	0	1	1	0	0
1	斗笠45号	0	1	1	0	0
1	斗笠46号	0	1	1	0	0
1	斗笠47号	0	1	1	0	0
1	斗笠51号	0	1	1	0	0
1	斗笠52号	0	1	1	0	0
1	斗笠53号	0	1	1	0	0
1	斗笠54号	0	1	1	0	0
1	斗笠55号	0	1	1	0	0
1	斗笠56号	0	1	1	0	0
1	斗笠57号	0	1	1	0	0
1	一级军鼓(战)	0	1	1	0	0
1	一级军鼓(法)	0	1	1	0	0
1	一级军鼓(道)	0	1	1	0	0
1	二级军鼓(战)	0	1	1	0	0
1	二级军鼓(法)	0	1	1	0	0
1	二级军鼓(道)	0	1	1	0	0
1	三级军鼓(战)	0	1	1	0	0
1	三级军鼓(法)	0	1	1	0	0
1	三级军鼓(道)	0	1	1	0	0
1	四级军鼓(战)	0	1	1	0	0
1	四级军鼓(法)	0	1	1	0	0
1	四级军鼓(道)	0	1	1	0	0
1	五级军鼓(战)	0	1	1	0	0
1	五级军鼓(法)	0	1	1	0	0
1	五级军鼓(道)	0	1	1	0	0
1	六级军鼓(战)	0	1	1	0	0
1	六级军鼓(法)	0	1	1	0	0
1	六级军鼓(道)	0	1	1	0	0
1	七级军鼓(战)	0	1	1	0	0
1	七级军鼓(法)	0	1	1	0	0
1	七级军鼓(道)	0	1	1	0	0
1	沙巴克城主	0	1	1	0	0
1	玛法之星	0	1	1	0	0
1	传奇之星	0	1	1	0	0
1	威武之师	0	1	1	0	0
1	雄霸天下	0	1	1	0	0
7	布鞋	0	1	1	0	0
7	鹿皮靴	0	1	1	0	0
7	紫绸靴	0	1	1	0	0
7	避魂靴	0	1	1	0	0
7	兽皮腰带	0	1	1	0	0
7	铁腰带	0	1	1	0	0
7	青铜腰带	0	1	1	0	0
7	钢铁腰带	0	1	1	0	0
3	雷霆战甲(男)	0	1	1	0	0
3	雷霆战甲(女)	0	1	1	0	0
5	雷霆项链	0	1	1	0	0
5	雷霆护腕	0	1	1	0	0
5	雷霆战戒	0	1	1	0	0
7	雷霆战靴	0	1	1	0	0
7	雷霆腰带	0	1	1	0	0
3	烈焰魔衣(男)	0	1	1	0	0
3	烈焰魔衣(女)	0	1	1	0	0
5	烈焰项链	0	1	1	0	0
5	烈焰护腕	0	1	1	0	0
5	烈焰魔戒	0	1	1	0	0
7	烈焰魔靴	0	1	1	0	0
7	烈焰腰带	0	1	1	0	0
3	光芒道袍(男)	0	1	1	0	0
3	光芒道袍(女)	0	1	1	0	0
5	光芒项链	0	1	1	0	0
5	光芒护腕	0	1	1	0	0
5	光芒道戒	0	1	1	0	0
7	光芒道靴	0	1	1	0	0
7	光芒腰带	0	1	1	0	0
5	天龙盔	0	1	1	0	0
5	魔龙盔	0	1	1	0	0
5	圣龙盔	0	1	1	0	0
4	开天	0	1	1	0	0
5	战神头盔	0	1	1	0	0
5	战神项链	0	1	1	0	0
5	战神手镯	0	1	1	0	0
5	战神戒指	0	1	1	0	0
7	战神之靴	0	1	1	0	0
7	战神腰带	0	1	1	0	0
4	镇天	0	1	1	0	0
5	圣魔头盔	0	1	1	0	0
5	圣魔项链	0	1	1	0	0
5	圣魔手镯	0	1	1	0	0
5	圣魔戒指	0	1	1	0	0
7	圣魔魔靴	0	1	1	0	0
7	圣魔腰带	0	1	1	0	0
4	玄天	0	1	1	0	0
5	真魂头盔	0	1	1	0	0
5	真魂项链	0	1	1	0	0
5	真魂手镯	0	1	1	0	0
5	真魂戒指	0	1	1	0	0
7	真魂道靴	0	1	1	0	0
7	真魂腰带	0	1	1	0	0
3	凤天魔甲	0	1	1	0	0
3	凰天魔衣	0	1	1	0	0
3	天龙火衣(男)	0	1	1	0	0
3	天龙火衣(女)	0	1	1	0	0
4	天龙神剑	0	1	1	0	0
5	天龙头盔	0	1	1	0	0
5	天龙项链	0	1	1	0	0
5	天龙手镯	0	1	1	0	0
5	天龙戒指	0	1	1	0	0
7	天龙腰带	0	1	1	0	0
7	天龙靴子	0	1	1	0	0
7	红宝石	0	1	1	0	0
7	红宝石+1	0	1	1	0	0
7	红宝石+2	0	1	1	0	0
7	红宝石+3	0	1	1	0	0
7	神・红宝石	0	1	1	0	0
7	绿神石	0	1	1	0	0
7	绿神石+1	0	1	1	0	0
7	绿神石+2	0	1	1	0	0
7	绿神石+3	0	1	1	0	0
7	神・绿神石	0	1	1	0	0
7	紫宝石	0	1	1	0	0
7	紫宝石+1	0	1	1	0	0
7	紫宝石+2	0	1	1	0	0
7	紫宝石+3	0	1	1	0	0
7	神・紫宝石	0	1	1	0	0
7	蓝神石	0	1	1	0	0
7	蓝神石+1	0	1	1	0	0
7	蓝神石+2	0	1	1	0	0
7	蓝神石+3	0	1	1	0	0
7	神・蓝神石	0	1	1	0	0
7	青宝石	0	1	1	0	0
7	青宝石+1	0	1	1	0	0
7	青宝石+2	0	1	1	0	0
7	青宝石+3	0	1	1	0	0
7	神・青宝石	0	1	1	0	0
7	黄神石	0	1	1	0	0
7	黄神石+1	0	1	1	0	0
7	黄神石+2	0	1	1	0	0
7	黄神石+3	0	1	1	0	0
7	神・黄神石	0	1	1	0	0
1	卧灵军鼓	0	1	1	0	0
1	魔火军鼓	0	1	1	0	0
1	盛世军鼓	0	1	1	0	0
1	卧灵斗笠	0	1	1	0	0
1	魔火斗笠	0	1	1	0	0
1	盛世斗笠	0	1	1	0	0
1	魂力盾牌	0	1	1	0	0
1	赤炼盾牌	0	1	1	0	0
1	幽冥盾牌	0	1	1	0	0
3	暗咒道袍(男)	0	1	1	0	0
3	暗咒道袍(女)	0	1	1	0	0
3	聚魔法衣(男)	0	1	1	0	0
3	聚魔法衣(女)	0	1	1	0	0
3	虎啸战甲(男)	0	1	1	0	0
3	虎啸战甲(女)	0	1	1	0	0
4	黄金裁决	0	1	1	0	0
5	狂雷战盔	0	1	1	0	0
5	狂雷项链	0	1	1	0	0
5	狂雷战戒	0	1	1	0	0
5	狂雷护腕	0	1	1	0	0
7	狂雷腰带	0	1	1	0	0
7	狂雷战靴	0	1	1	0	0
4	紫金嗜魂法杖	0	1	1	0	0
5	逆火魔盔	0	1	1	0	0
5	逆火项链	0	1	1	0	0
5	逆火魔戒	0	1	1	0	0
5	逆火护腕	0	1	1	0	0
7	逆火腰带	0	1	1	0	0
7	逆火魔靴	0	1	1	0	0
4	赤金逍遥扇	0	1	1	0	0
5	通云道盔	0	1	1	0	0
5	通云项链	0	1	1	0	0
5	通云道戒	0	1	1	0	0
5	通云护腕	0	1	1	0	0
7	通云腰带	0	1	1	0	0
7	通云道靴	0	1	1	0	0
4	炎龙刃	0	1	1	0	0
5	炎龙战盔	0	1	1	0	0
5	炎龙项链	0	1	1	0	0
5	炎龙战戒	0	1	1	0	0
5	炎龙护腕	0	1	1	0	0
7	炎龙腰带	0	1	1	0	0
7	炎龙战靴	0	1	1	0	0
4	雷龙杖	0	1	1	0	0
5	雷龙魔盔	0	1	1	0	0
5	雷龙项链	0	1	1	0	0
5	雷龙魔戒	0	1	1	0	0
5	雷龙护腕	0	1	1	0	0
7	雷龙腰带	0	1	1	0	0
7	雷龙魔靴	0	1	1	0	0
4	青龙刺	0	1	1	0	0
5	青龙道盔	0	1	1	0	0
5	青龙项链	0	1	1	0	0
5	青龙道戒	0	1	1	0	0
5	青龙护腕	0	1	1	0	0
7	青龙腰带	0	1	1	0	0
7	青龙道靴	0	1	1	0	0
3	御龙盔甲(男)	0	1	1	0	0
3	御龙盔甲(女)	0	1	1	0	0
5	王者头盔	0	1	1	0	0
5	王者项链	0	1	1	0	0
5	王者戒指	0	1	1	0	0
5	王者护腕	0	1	1	0	0
7	王者腰带	0	1	1	0	0
7	王者之靴	0	1	1	0	0
4	王者之杖	0	1	1	0	0
4	王者之剑	0	1	1	0	0
4	王者之刃	0	1	1	0	0
3	王者战甲(男)	0	1	1	0	0
3	王者战甲(女)	0	1	1	0	0
3	王者魔衣(男)	0	1	1	0	0
3	王者魔衣(女)	0	1	1	0	0
3	王者道袍(男)	0	1	1	0	0
3	王者道袍(女)	0	1	1	0	0
5	传奇之冠	0	1	1	0	0
5	传奇项链	0	1	1	0	0
5	传奇之戒	0	1	1	0	0
5	传奇护腕	0	1	1	0	0
7	传奇腰带	0	1	1	0	0
7	传奇之靴	0	1	1	0	0
7	传奇勋章	0	1	1	0	0
4	传奇神杖	0	1	1	0	0
4	传奇神扇	0	1	1	0	0
4	传奇神剑	0	1	1	0	0
3	传奇神甲(男)	0	1	1	0	0
3	传奇神甲(女)	0	1	1	0	0
1	传奇面巾	0	1	1	0	0
7	传奇印	0	1	1	0	0
5	皓月之冠	0	1	1	0	0
5	皓月项链	0	1	1	0	0
5	皓月之戒	0	1	1	0	0
5	皓月护腕	0	1	1	0	0
7	皓月腰带	0	1	1	0	0
7	皓月之靴	0	1	1	0	0
7	皓月勋章	0	1	1	0	0
4	皓月魔杖	0	1	1	0	0
4	皓月羽扇	0	1	1	0	0
4	皓月神剑	0	1	1	0	0
3	皓月神甲(男)	0	1	1	0	0
3	皓月神甲(女)	0	1	1	0	0
1	皓月面巾	0	1	1	0	0
7	皓月印	0	1	1	0	0
5	诛仙头盔	0	1	1	0	0
5	诛仙项链	0	1	1	0	0
5	诛仙戒指	0	1	1	0	0
5	诛仙护腕	0	1	1	0	0
7	诛仙腰带	0	1	1	0	0
7	诛仙之靴	0	1	1	0	0
7	诛仙勋章	0	1	1	0	0
4	诛仙魔杖	0	1	1	0	0
4	诛仙宝扇	0	1	1	0	0
4	诛仙战刃	0	1	1	0	0
3	诛仙战甲(男)	0	1	1	0	0
3	诛仙战甲(女)	0	1	1	0	0
1	诛仙面巾	0	1	1	0	0
7	诛仙印	0	1	1	0	0
5	神龙头盔	0	1	1	0	0
5	神龙项链	0	1	1	0	0
5	神龙戒指	0	1	1	0	0
5	神龙护腕	0	1	1	0	0
7	神龙腰带	0	1	1	0	0
7	神龙之靴	0	1	1	0	0
7	神龙勋章	0	1	1	0	0
4	神龙魔杖	0	1	1	0	0
4	神龙宝扇	0	1	1	0	0
4	神龙战刃	0	1	1	0	0
3	神龙圣甲(男)	0	1	1	0	0
3	神龙圣甲(女)	0	1	1	0	0
1	女娲の荣耀	0	1	1	0	0
3	诛仙道袍(女)	0	1	1	0	0
3	诛仙道袍(男)	0	1	1	0	0
3	诛仙魔衣(女)	0	1	1	0	0
3	诛仙魔衣(男)	0	1	1	0	0
1	神龙面巾	0	1	1	0	0
7	神龙印	0	1	1	0	0
4	真龙战刃	0	1	1	0	0
4	真龙法杖	0	1	1	0	0
4	真龙羽扇	0	1	1	0	0
5	真龙头盔	0	1	1	0	0
1	真龙面巾	0	1	1	0	0
5	真龙项链	0	1	1	0	0
5	真龙护腕	0	1	1	0	0
5	真龙戒指	0	1	1	0	0
7	真龙腰带	0	1	1	0	0
7	真龙靴子	0	1	1	0	0
3	真龙神甲(男)	0	1	1	0	0
3	真龙神甲(女)	0	1	1	0	0
7	真龙勋章	0	1	1	0	0
7	真龙印	0	1	1	0	0
4	灵蛇战刃	0	1	1	0	0
4	灵蛇法杖	0	1	1	0	0
4	灵蛇羽扇	0	1	1	0	0
5	灵蛇头盔	0	1	1	0	0
1	灵蛇面巾	0	1	1	0	0
5	灵蛇项链	0	1	1	0	0
5	灵蛇护腕	0	1	1	0	0
5	灵蛇戒指	0	1	1	0	0
7	灵蛇腰带	0	1	1	0	0
7	灵蛇靴子	0	1	1	0	0
3	灵蛇神甲(男)	0	1	1	0	0
3	灵蛇神甲(女)	0	1	1	0	0
7	灵蛇勋章	0	1	1	0	0
7	灵蛇印	0	1	1	0	0
4	天马战斧	0	1	1	0	0
4	天马法杖	0	1	1	0	0
4	天马道剑	0	1	1	0	0
5	天马头盔	0	1	1	0	0
1	天马面巾	0	1	1	0	0
5	天马项链	0	1	1	0	0
5	天马护腕	0	1	1	0	0
5	天马戒指	0	1	1	0	0
7	天马腰带	0	1	1	0	0
7	天马靴子	0	1	1	0	0
3	天马神甲(男)	0	1	1	0	0
3	天马神甲(女)	0	1	1	0	0
7	天马勋章	0	1	1	0	0
7	天马印	0	1	1	0	0
4	神羊战刃	0	1	1	0	0
4	神羊法杖	0	1	1	0	0
4	神羊道剑	0	1	1	0	0
5	神羊头盔	0	1	1	0	0
1	神羊面巾	0	1	1	0	0
5	神羊项链	0	1	1	0	0
5	神羊护腕	0	1	1	0	0
5	神羊戒指	0	1	1	0	0
7	神羊腰带	0	1	1	0	0
7	神羊靴子	0	1	1	0	0
3	神羊战甲(男)	0	1	1	0	0
3	神羊战甲(女)	0	1	1	0	0
3	神羊法衣(男)	0	1	1	0	0
3	神羊法衣(女)	0	1	1	0	0
3	神羊道袍(男)	0	1	1	0	0
3	神羊道袍(女)	0	1	1	0	0
7	神羊勋章	0	1	1	0	0
7	神羊印	0	1	1	0	0
5	圣诞帽	0	1	1	0	0
4	晓风残月	0	1	1	0	0
3	九天彩凤(女)	0	1	1	0	0
3	九天彩凤(男)	0	1	1	0	0
3	逆龙神甲(女)	0	1	1	0	0
3	逆龙神甲(男)	0	1	1	0	0
3	神圣天龙(女)	0	1	1	0	0
3	神圣天龙(男)	0	1	1	0	0
3	赤魅白狐(女)	0	1	1	0	0
3	赤魅白狐(男)	0	1	1	0	0
3	龙腾天下(女)	0	1	1	0	0
3	龙腾天下(男)	0	1	1	0	0
1	女娲の庇佑(男)	0	1	1	0	0
1	女娲の庇佑(女)	0	1	1	0	0
1	斑点泳裤	0	1	1	0	0
1	条纹泳裤	0	1	1	0	0
1	粉色比基尼	0	1	1	0	0
1	黄色比基尼	0	1	1	0	0
4	擒龙	0	1	1	0	0
4	冥火薄天	0	1	1	0	0
4	暗夜	0	1	1	0	0
4	五虎断魂	0	1	1	0	0
4	秋风	0	1	1	0	0
4	浩气长舒	0	1	1	0	0
4	霹雳	0	1	1	0	0
4	魏武青虹	0	1	1	0	0
4	梨花	0	1	1	0	0
4	九阴勾魂	0	1	1	0	0
4	弦月	0	1	1	0	0
4	秋水落霞	0	1	1	0	0
4	撕天	0	1	1	0	0
4	护法灭魔	0	1	1	0	0
4	星瀚	0	1	1	0	0
4	九霄风雷	0	1	1	0	0
4	湛卢	0	1	1	0	0
4	灵犀神剑	0	1	1	0	0
4	鬼牙	0	1	1	0	0
4	鸣鸿	0	1	1	0	0
4	玉龙	0	1	1	0	0
4	业火三灾	0	1	1	0	0
4	紫电青霜	0	1	1	0	0
4	霜冷九州	0	1	1	0	0
3	荣光战甲(男)	0	1	1	0	0
3	荣光战甲(女)	0	1	1	0	0
3	地狱天使(男)	0	1	1	0	0
3	地狱天使(女)	0	1	1	0	0
3	乱雨飘香(男)	0	1	1	0	0
3	乱雨飘香(女)	0	1	1	0	0
3	死亡阴影(男)	0	1	1	0	0
3	死亡阴影(女)	0	1	1	0	0
3	梦魇缚灵(男)	0	1	1	0	0
3	梦魇缚灵(女)	0	1	1	0	0
3	雪蟒霜寒(男)	0	1	1	0	0
3	雪蟒霜寒(女)	0	1	1	0	0
3	碧海潮生(男)	0	1	1	0	0
3	碧海潮生(女)	0	1	1	0	0
3	无间地狱(男)	0	1	1	0	0
3	无间地狱(女)	0	1	1	0	0
3	仙人指路(男)	0	1	1	0	0
3	仙人指路(女)	0	1	1	0	0
3	太极流光(男)	0	1	1	0	0
3	太极流光(女)	0	1	1	0	0
3	城主战袍(男)	0	1	1	0	0
3	城主战袍(女)	0	1	1	0	0
4	天外飞仙	0	1	1	0	0
4	摘星	0	1	1	0	0
4	秋水人家	0	1	1	0	0
4	逍遥江湖	0	1	1	0	0
4	揽月	0	1	1	0	0
4	庄周梦蝶	0	1	1	0	0
4	凤翼流珠	0	1	1	0	0
4	逐日	0	1	1	0	0
4	四法青云	0	1	1	0	0
1	斩妖泣血	0	1	1	0	0
1	凤天羽衣	0	1	1	0	0
1	凰天霓裳	0	1	1	0	0
3	光明使者(男)	0	1	1	0	0
3	光明使者(女)	0	1	1	0	0
3	黑暗使者(男)	0	1	1	0	0
3	黑暗使者(女)	0	1	1	0	0
1	红色礼服(男)	0	1	1	0	0
1	红色礼服(女)	0	1	1	0	0
4	红花	0	1	1	0	0
4	紫花	0	1	1	0	0
1	花前月下	0	1	1	0	0
1	初学乍练	0	1	1	0	0
1	略有小成	0	1	1	0	0
1	渐入佳境	0	1	1	0	0
1	驾轻就熟	0	1	1	0	0
1	融会贯通	0	1	1	0	0
1	炉火纯青	0	1	1	0	0
1	已有大成	0	1	1	0	0
1	登峰造极	0	1	1	0	0
1	深不可测	0	1	1	0	0
1	出神入化	0	1	1	0	0
1	天人合一	0	1	1	0	0
1	vip3	0	1	1	0	0
1	任务狂人	0	1	1	0	0
1	傲视天下	0	1	1	0	0
1	天尊	0	1	1	0	0
1	法神	0	1	1	0	0
1	圣战	0	1	1	0	0
1	糖果	0	1	1	0	0
2	勇者之心	0	1	1	0	0
1	逆龙之鳞	0	1	1	0	0
1	凤凰羽毛	0	1	1	0	0
1	玄铁	0	1	1	0	0
1	天蚕丝	0	1	1	0	0
2	千年寒冰	0	1	1	0	0
1	独角兽之角	0	1	1	0	0
1	麒麟之角	0	1	1	0	0
1	防御镶嵌石	0	1	1	0	0
1	魔御镶嵌石	0	1	1	0	0
1	攻击镶嵌石	0	1	1	0	0
1	魔力镶嵌石	0	1	1	0	0
1	道术镶嵌石	0	1	1	0	0
1	生命镶嵌石	0	1	1	0	0
1	魔法镶嵌石	0	1	1	0	0
1	暴击镶嵌石	0	1	1	0	0
1	伤害镶嵌石	0	1	1	0	0
1	破防镶嵌石	0	1	1	0	0
1	反弹镶嵌石	0	1	1	0	0
5	子鼠神佑	0	1	1	0	0
5	丑牛神佑	0	1	1	0	0
5	寅虎神佑	0	1	1	0	0
5	卯兔神佑	0	1	1	0	0
5	辰龙神佑	0	1	1	0	0
5	巳蛇神佑	0	1	1	0	0
5	午马神佑	0	1	1	0	0
5	未羊神佑	0	1	1	0	0
5	申猴神佑	0	1	1	0	0
5	酉鸡神佑	0	1	1	0	0
5	戌狗神佑	0	1	1	0	0
5	亥猪神佑	0	1	1	0	0
1	血魂玉	0	1	1	0	0
1	神佑玉	0	1	1	0	0
1	血魄玉	0	1	1	0	0
2	耐久上限修复卷	0	1	1	0	0
1	碧水莲花	0	1	1	0	0
1	镜花水月	0	1	1	0	0
1	画卷一	0	1	1	0	0
1	画卷二	0	1	1	0	0
1	画卷三	0	1	1	0	0
1	画卷四	0	1	1	0	0
1	画卷五	0	1	1	0	0
1	画卷六	0	1	1	0	0
1	画卷七	0	1	1	0	0
1	画卷八	0	1	1	0	0
1	画卷九	0	1	1	0	0
2	特效金创药	0	1	1	0	0
2	特效魔法药	0	1	1	0	0
1	打捆特红	0	1	1	0	0
1	打捆特蓝	0	1	1	0	0
1	传奇碎片	0	1	1	0	0
2	10点声望卷	0	1	1	0	0
2	随机宝石袋	0	1	1	0	0
1	超大聚灵珠	0	1	1	0	0
1	上古面具(镖)	0	1	1	0	0
1	公文包(镖)	0	1	1	0	0
1	陈年老酒	0	1	1	0	0
1	金丝线(镖)	0	1	1	0	0
1	精魄	0	1	1	0	0
5	圣者・一阶炼魂	0	1	1	0	0
5	圣者・二阶定魂	0	1	1	0	0
5	圣者・三阶觉醒	0	1	1	0	0
5	圣者・四阶惊天	0	1	1	0	0
5	圣者・十方俱灭	0	1	1	0	0
5	剑姬・一阶炼魂	0	1	1	0	0
5	剑姬・二阶定魂	0	1	1	0	0
5	剑姬・三阶觉醒	0	1	1	0	0
5	剑姬・四阶惊天	0	1	1	0	0
5	剑姬・十方俱灭	0	1	1	0	0
5	烈焰・一阶炼魂	0	1	1	0	0
5	烈焰・二阶定魂	0	1	1	0	0
5	烈焰・三阶觉醒	0	1	1	0	0
5	烈焰・四阶惊天	0	1	1	0	0
5	烈焰・十方俱灭	0	1	1	0	0
5	寒冰・一阶炼魂	0	1	1	0	0
5	寒冰・二阶定魂	0	1	1	0	0
5	寒冰・三阶觉醒	0	1	1	0	0
5	寒冰・四阶惊天	0	1	1	0	0
5	寒冰・十方俱灭	0	1	1	0	0
5	阴阳・一阶炼魂	0	1	1	0	0
5	阴阳・二阶定魂	0	1	1	0	0
5	阴阳・三阶觉醒	0	1	1	0	0
5	阴阳・四阶惊天	0	1	1	0	0
5	阴阳・十方俱灭	0	1	1	0	0
5	魅姬・一阶炼魂	0	1	1	0	0
5	魅姬・二阶定魂	0	1	1	0	0
5	魅姬・三阶觉醒	0	1	1	0	0
5	魅姬・四阶惊天	0	1	1	0	0
5	魅姬・十方俱灭	0	1	1	0	0
1	进化碎片	0	1	1	0	0
2	聚灵草[食用]	0	1	1	0	0
1	人参[卖金币]	0	1	1	0	0
1	罗汉果[喂宠]	0	1	1	0	0
1	雪见草[师门]	0	1	1	0	0
1	种子	0	1	1	0	0
1	七窍玲珑玉	0	1	1	0	0
1	尼龙碧	0	1	1	0	0
1	天诀碧玺	0	1	1	0	0
1	手里剑	0	1	1	0	0
1	起爆符	0	1	1	0	0
2	洗点符	0	1	1	0	0
2	首充大礼包	0	1	1	0	0
2	内测大礼包	0	1	1	0	0
1	宠物	0	1	1	0	0
5	命格・破军・金	0	1	1	0	0
5	命格・破军・木	0	1	1	0	0
5	命格・破军・水	0	1	1	0	0
5	命格・破军・火	0	1	1	0	0
5	命格・破军・土	0	1	1	0	0
5	命格・玄灵・金	0	1	1	0	0
5	命格・玄灵・木	0	1	1	0	0
5	命格・玄灵・水	0	1	1	0	0
5	命格・玄灵・火	0	1	1	0	0
5	命格・玄灵・土	0	1	1	0	0
5	命格・守护・金	0	1	1	0	0
5	命格・守护・木	0	1	1	0	0
5	命格・守护・水	0	1	1	0	0
5	命格・守护・火	0	1	1	0	0
5	命格・守护・土	0	1	1	0	0
1	威震八方	0	1	1	0	0
2	超级福利礼包	0	1	1	0	0
2	特效疗伤药	0	1	1	0	0
2	大还丹	0	1	1	0	0
1	符文：法力潮汐	0	1	1	0	0
1	符文：无尽潜能	0	1	1	0	0
1	符文：嗜血狂魔	0	1	1	0	0
1	符文：蔑视一切	0	1	1	0	0
1	符文：星穹暴涨	0	1	1	0	0
1	极品一重	0	1	1	0	0
1	极品二重	0	1	1	0	0
1	极品三重	0	1	1	0	0
1	珍品一重	0	1	1	0	0
1	珍品二重	0	1	1	0	0
1	珍品三重	0	1	1	0	0
1	绝品一重	0	1	1	0	0
1	绝品二重	0	1	1	0	0
1	绝品三重	0	1	1	0	0
1	至尊	0	1	1	0	0
2	神行符[传送]	0	1	1	0	0
1	国士无双	0	1	1	0	0
1	破魂斩	0	1	1	0	0
1	劈星斩	0	1	1	0	0
1	雷霆一击	0	1	1	0	0
1	噬魂沼泽	0	1	1	0	0
1	末日审判	0	1	1	0	0
1	火龙气焰	0	1	1	0	0
1	追心刺	0	1	1	0	0
1	三绝杀	0	1	1	0	0
1	断岳斩	0	1	1	0	0
1	横扫千军	0	1	1	0	0
1	凤舞祭	0	1	1	0	0
1	惊雷爆	0	1	1	0	0
1	冰天雪地	0	1	1	0	0
1	双龙破	0	1	1	0	0
1	虎啸诀	0	1	1	0	0
1	八卦掌	0	1	1	0	0
1	三焰咒	0	1	1	0	0
1	万剑归宗	0	1	1	0	0
1	倚天辟地	0	1	1	0	0
1	英雄基本剑术	0	1	1	0	0
1	英雄攻杀剑术	0	1	1	0	0
1	英雄刺杀剑术	0	1	1	0	0
1	英雄半月弯刀	0	1	1	0	0
1	英雄野蛮冲撞	0	1	1	0	0
1	英雄烈火剑法	0	1	1	0	0
1	英雄狮子吼	0	1	1	0	0
1	英雄开天斩	0	1	1	0	0
1	英雄逐日剑法	0	1	1	0	0
1	英雄双龙斩	0	1	1	0	0
1	英雄火球术	0	1	1	0	0
1	英雄抗拒火环	0	1	1	0	0
1	英雄诱惑之光	0	1	1	0	0
1	英雄地狱火	0	1	1	0	0
1	英雄雷电术	0	1	1	0	0
1	英雄大火球	0	1	1	0	0
1	英雄瞬息移动	0	1	1	0	0
1	英雄爆裂火焰	0	1	1	0	0
1	英雄火墙	0	1	1	0	0
1	英雄疾光电影	0	1	1	0	0
1	英雄地狱雷光	0	1	1	0	0
1	英雄魔法盾	0	1	1	0	0
1	英雄圣言术	0	1	1	0	0
1	英雄冰咆哮	0	1	1	0	0
1	英雄寒冰掌	0	1	1	0	0
1	英雄灭天火	0	1	1	0	0
1	英雄火龙烈焰	0	1	1	0	0
1	英雄分身术	0	1	1	0	0
1	英雄流星火雨	0	1	1	0	0
1	英雄治愈术	0	1	1	0	0
1	英雄精神战法	0	1	1	0	0
1	英雄施毒术	0	1	1	0	0
1	英雄灵魂火符	0	1	1	0	0
1	英雄召唤骷髅	0	1	1	0	0
1	英雄隐身术	0	1	1	0	0
1	英雄集体隐身术	0	1	1	0	0
1	英雄幽灵盾	0	1	1	0	0
1	英雄神圣战术	0	1	1	0	0
1	英雄心灵启示	0	1	1	0	0
1	英雄困魔咒	0	1	1	0	0
1	英雄气功波	0	1	1	0	0
1	英雄群体治愈术	0	1	1	0	0
1	英雄召唤神兽	0	1	1	0	0
1	英雄无极真气	0	1	1	0	0
1	英雄召唤月灵	0	1	1	0	0
1	英雄噬血术	0	1	1	0	0
1	英雄护体神盾	0	1	1	0	0
2	火龙之心	0	1	1	0	0
1	黄金宝箱	0	1	1	0	0
1	赤金宝箱	0	1	1	0	0
1	白银宝箱	0	1	1	0	0
1	紫铜宝箱	0	1	1	0	0
1	檀木宝箱	0	1	1	0	0
1	黄金钥匙	0	1	1	0	0
1	赤金钥匙	0	1	1	0	0
1	白银钥匙	0	1	1	0	0
1	紫铜钥匙	0	1	1	0	0
1	檀木钥匙	0	1	1	0	0
5	超级传送复活戒	0	1	1	0	0
5	超级传送麻痹戒	0	1	1	0	0
5	超级护身复活戒	0	1	1	0	0
5	超级魔道麻痹戒	0	1	1	0	0
5	防复活戒指	0	1	1	0	0
1	劣质宝珠	0	1	1	0	0
1	精致宝珠	0	1	1	0	0
1	稀有宝珠	0	1	1	0	0
1	卓越宝珠	0	1	1	0	0
1	完美宝珠	0	1	1	0	0
1	史诗宝珠	0	1	1	0	0
1	传说宝珠	0	1	1	0	0
1	成长型宝珠	0	1	1	0	0
1	炽焰金钻	0	1	1	0	0
1	防御镶嵌石II	0	1	1	0	0
1	魔御镶嵌石II	0	1	1	0	0
1	攻击镶嵌石II	0	1	1	0	0
1	魔力镶嵌石II	0	1	1	0	0
1	道术镶嵌石II	0	1	1	0	0
1	生命镶嵌石II	0	1	1	0	0
1	魔法镶嵌石II	0	1	1	0	0
1	暴击镶嵌石II	0	1	1	0	0
1	伤害镶嵌石II	0	1	1	0	0
1	破防镶嵌石II	0	1	1	0	0
1	反弹镶嵌石II	0	1	1	0	0
1	财帛镶嵌石	0	1	1	0	0
1	防麻镶嵌石	0	1	1	0	0
1	物抗镶嵌石	0	1	1	0	0
1	魔抗镶嵌石	0	1	1	0	0
1	物抗镶嵌石II	0	1	1	0	0
1	魔抗镶嵌石II	0	1	1	0	0
1	防御镶嵌石III	0	1	1	0	0
1	魔御镶嵌石III	0	1	1	0	0
1	神佑镶嵌石	0	1	1	0	0
1	准确敏捷技能	0	1	1	0	0
1	抓捕网	0	1	1	0	0
1	真龙碎片	0	1	1	0	0
1	临时强化符	0	1	1	0	0
1	金身	0	1	1	0	0
1	女儿红	0	1	1	0	0
1	茅台	0	1	1	0	0
1	二锅头	0	1	1	0	0
1	饮酒许可	0	1	1	0	0
1	人参种子	0	1	1	0	0
1	罗汉果种子	0	1	1	0	0
1	沃玛教主的头颅	0	1	1	0	0
1	天外玄铁	0	1	1	0	0
1	陨石	0	1	1	0	0
1	鉴定图纸[残卷]	0	1	1	0	0
1	鉴定图纸[普通]	0	1	1	0	0
1	鉴定图纸[高级]	0	1	1	0	0
2	鉴定图纸[极品]	0	1	1	0	0
7	主宰者马牌	0	1	1	0	0
7	主宰者双人马牌	0	1	1	0	0
7	主宰者灵笛	0	1	1	0	0
7	主宰者双人灵笛	0	1	1	0	0
7	黑鬃马	0	1	1	0	0
7	枣红马	0	1	1	0	0
7	赤兔马	0	1	1	0	0
7	汗血马	0	1	1	0	0
7	白龙马	0	1	1	0	0
7	迎亲马	0	1	1	0	0
7	金龙马	0	1	1	0	0
7	卓越战马	0	1	1	0	0
7	御龙灵兽	0	1	1	0	0
1	返璞归真(男)	0	1	1	0	0
1	丽质天成(女)	0	1	1	0	0
1	玉树临风(男)	0	1	1	0	0
1	蕙质兰心(女)	0	1	1	0	0
1	银装素裹(男)	0	1	1	0	0
1	粉妆玉砌(女)	0	1	1	0	0
3	仙风道骨(男)	0	1	1	0	0
3	国色天香(女)	0	1	1	0	0
1	混元锤	0	1	1	0	0
1	蓝犀角	0	1	1	0	0
1	金犀角	0	1	1	0	0
1	幸运符[打孔]	0	1	1	0	0
1	精铁蟠龙战链	0	1	1	0	0
1	精铁蟠龙战腕	0	1	1	0	0
1	精铁蟠龙战戒	0	1	1	0	0
1	精铁蟠龙道链	0	1	1	0	0
1	精铁蟠龙道腕	0	1	1	0	0
1	精铁蟠龙道戒	0	1	1	0	0
1	精铁蟠龙魔链	0	1	1	0	0
1	精铁蟠龙魔腕	0	1	1	0	0
1	精铁蟠龙魔戒	0	1	1	0	0
1	白银蟠龙战链	0	1	1	0	0
1	白银蟠龙战腕	0	1	1	0	0
1	白银蟠龙战戒	0	1	1	0	0
1	白银蟠龙道链	0	1	1	0	0
1	白银蟠龙道腕	0	1	1	0	0
1	白银蟠龙道戒	0	1	1	0	0
1	白银蟠龙魔链	0	1	1	0	0
1	白银蟠龙魔腕	0	1	1	0	0
1	白银蟠龙魔戒	0	1	1	0	0
1	黄金蟠龙战链	0	1	1	0	0
1	黄金蟠龙战腕	0	1	1	0	0
1	黄金蟠龙战戒	0	1	1	0	0
1	黄金蟠龙道链	0	1	1	0	0
1	黄金蟠龙道腕	0	1	1	0	0
1	黄金蟠龙道戒	0	1	1	0	0
1	黄金蟠龙魔链	0	1	1	0	0
1	黄金蟠龙魔腕	0	1	1	0	0
1	黄金蟠龙魔戒	0	1	1	0	0
1	飞龙战链	0	1	1	0	0
1	飞龙道链	0	1	1	0	0
1	飞龙魔链	0	1	1	0	0
1	飞龙战腕	0	1	1	0	0
1	飞龙道腕	0	1	1	0	0
1	飞龙魔腕	0	1	1	0	0
1	飞龙战戒	0	1	1	0	0
1	飞龙道戒	0	1	1	0	0
1	飞龙魔戒	0	1	1	0	0
1	飞龙头盔	0	1	1	0	0
1	灵玉	0	1	1	0	0
1	攻击加星石	0	1	1	0	0
1	魔法加星石	0	1	1	0	0
1	道术加星石	0	1	1	0	0
1	随机加星石	0	1	1	0	0
1	双防加星石	0	1	1	0	0
1	幸运符	0	1	1	0	0
1	T天人境T	0	1	1	0	0
1	☆噬天境☆	0	1	1	0	0
1	水	0	1	1	0	0
1	倚天	0	1	1	0	0
1	睛珠	0	1	1	0	0
1	碧水睛珠	0	1	1	0	0
2	十颗碧水睛珠	0	1	1	0	0
1	最有耐心的玩家	0	1	1	0	0
1	服务器赞助商	0	1	1	0	0
1	壕我们去哪里呀	0	1	1	0	0
1	美酒	0	1	1	0	0
1	月神之玉	0	1	1	0	0
1	血剑碎片	0	1	1	0	0
1	许中医的药	0	1	1	0	0
1	药剂师的信	0	1	1	0	0
1	命运神石	0	1	1	0	0
1	介绍信	0	1	1	0	0
5	祈福项链	0	1	1	0	0
2	聊天染料卷	0	1	1	0	0
1	宠物精元	0	1	1	0	0
1	金箍棒	0	1	1	0	0
1	齐天(男)	0	1	1	0	0
1	齐天(女)	0	1	1	0	0
1	萃取石	0	1	1	0	0
2	圣诞糖果	0	1	1	0	0
1	圣诞点袜	0	1	1	0	0
1	圣诞时装礼帽	0	1	1	0	0
1	平安永相随	0	1	1	0	0
2	平安果	0	1	1	0	0
1	鸡年大吉吧	0	1	1	0	0
1	金鸡报晓	0	1	1	0	0
1	鸡年纳福	0	1	1	0	0
1	闻鸡起舞	0	1	1	0	0
1	礼炮	0	1	1	0	0
1	一串礼炮	0	1	1	0	0
2	福满金桃	0	1	1	0	0
1	福一	0	1	1	0	0
1	福二	0	1	1	0	0
1	福三	0	1	1	0	0
1	福四	0	1	1	0	0
1	福五	0	1	1	0	0
1	福六	0	1	1	0	0
2	年年有余	0	1	1	0	0
1	金币	0	1	1	0	0
