1	4	圣战套装	圣战头盔|圣战项链|圣战手镯|圣战戒指	0|0|0|0|0|0|0|0|0|0|0|0|0|0|0|0|0|0|0|0|0|0|0|0|0|0|0|0|0|0|0|0|0|0|0|0|0|0|0|0	0|0|0|0|0|0|0|0|0|0|0|0|0|0|0|0|0|0|0|0|0|0|0|0|0|0|0|0|0|0|0|0|0|0|0|0|0|0|0|0	10|10|0|0|5|0|0|0|0|0|0|0|0|0|0|0|0|0|0|100|0|0|0|0|0|0|0|0|0|0|0|0|0|0|0|0|0|0|0|0	战士圣战套生效!
2	4	法神套装	法神头盔|法神项链|法神手镯|法神戒指	0|0|0|0|0|0|0|0|0|0|0|0|0|0|0|0|0|0|0|0|0|0|0|0|0|0|0|0|0|0|0|0|0|0|0|0|0|0|0|0	0|0|0|0|0|0|0|0|0|0|0|0|0|0|0|0|0|0|0|0|0|0|0|0|0|0|0|0|0|0|0|0|0|0|0|0|0|0|0|0	10|10|0|0|0|5|0|0|0|0|0|0|0|0|0|0|0|0|0|100|0|0|0|0|0|0|0|0|0|0|0|0|0|0|0|0|0|0|0|0	法神套生效!
3	4	天尊套装	天尊头盔|天尊项链|天尊手镯|天尊戒指	0|0|0|0|0|0|0|0|0|0|0|0|0|0|0|0|0|0|0|0|0|0|0|0|0|0|0|0|0|0|0|0|0|0|0|0|0|0|0|0	0|0|0|0|0|0|0|0|0|0|0|0|0|0|0|0|0|0|0|0|0|0|0|0|0|0|0|0|0|0|0|0|0|0|0|0|0|0|0|0	10|10|0|0|0|0|5|0|0|0|0|0|0|0|0|0|0|0|0|100|0|0|0|0|0|0|0|0|0|0|0|0|0|0|0|0|0|0|0|0	法神套生效!
4	5	雷霆套装	雷霆项链|雷霆护腕|雷霆战戒|雷霆战靴|雷霆腰带	0|0|0|0|0|0|0|0|0|0|0|0|0|0|0|0|0|0|0|0|0|0|0|0|0|0|0|0|0|0|0|0|0|0|0|0|0|0|0|0	0|0|0|0|0|0|0|0|0|0|0|0|0|0|0|0|0|0|0|0|0|0|0|0|0|0|0|0|0|0|0|0|0|0|0|0|0|0|0|0	20|20|0|0|4|0|0|5|0|0|0|0|0|0|0|0|5|0|0|100|0|0|0|0|0|0|0|0|0|0|0|0|0|0|0|0|0|0|0|0	雷霆套生效!
5	5	光芒套装	光芒项链|光芒护腕|光芒道戒|光芒道靴|光芒腰带	0|0|0|0|0|0|0|0|0|0|0|0|0|0|0|0|0|0|0|0|0|0|0|0|0|0|0|0|0|0|0|0|0|0|0|0|0|0|0|0	0|0|0|0|0|0|0|0|0|0|0|0|0|0|0|0|0|0|0|0|0|0|0|0|0|0|0|0|0|0|0|0|0|0|0|0|0|0|0|0	20|20|0|0|0|0|4|0|0|0|0|0|0|0|0|0|0|0|4|100|0|0|0|0|0|0|0|0|0|0|0|0|0|0|0|0|0|0|0|0	雷霆套生效!
6	5	烈焰套装	烈焰项链|烈焰护腕|烈焰魔戒|烈焰魔靴|烈焰腰带	0|0|0|0|0|0|0|0|0|0|0|0|0|0|0|0|0|0|0|0|0|0|0|0|0|0|0|0|0|0|0|0|0|0|0|0|0|0|0|0	0|0|0|0|0|0|0|0|0|0|0|0|0|0|0|0|0|0|0|0|0|0|0|0|0|0|0|0|0|0|0|0|0|0|0|0|0|0|0|0	20|20|0|0|0|4|0|0|0|0|0|0|0|0|0|0|0|4|0|100|0|0|0|0|0|0|0|0|0|0|0|0|0|0|0|0|0|0|0|0	雷霆套生效!
7	6	战神套装	战神项链|战神手镯|战神戒指|战神头盔|战神之靴|战神腰带	0|0|0|0|0|0|0|0|0|0|0|0|0|0|0|0|0|0|0|0|0|0|0|0|0|0|0|0|0|0|0|0|0|0|0|0|0|0|0|0	0|0|0|0|0|0|0|0|0|0|0|0|0|0|0|0|0|0|0|0|0|0|0|0|0|0|0|0|0|0|0|0|0|0|0|0|0|0|0|0	30|30|0|0|5|0|0|10|0|0|0|0|0|0|0|0|10|0|0|100|0|0|0|0|0|0|0|0|0|0|0|0|0|0|0|0|0|0|0|0	战神套生效!
8	6	圣魔套装	圣魔项链|圣魔手镯|圣魔戒指|圣魔头盔|圣魔魔靴|圣魔腰带	0|0|0|0|0|0|0|0|0|0|0|0|0|0|0|0|0|0|0|0|0|0|0|0|0|0|0|0|0|0|0|0|0|0|0|0|0|0|0|0	0|0|0|0|0|0|0|0|0|0|0|0|0|0|0|0|0|0|0|0|0|0|0|0|0|0|0|0|0|0|0|0|0|0|0|0|0|0|0|0	30|30|0|0|0|5|0|0|0|0|0|0|0|0|0|0|0|8|0|100|0|0|0|0|0|0|0|0|0|0|0|0|0|0|0|0|0|0|0|0	圣魔套生效!
9	6	真魂套装	真魂项链|真魂手镯|真魂戒指|真魂头盔|真魂道靴|真魂腰带	0|0|0|0|0|0|0|0|0|0|0|0|0|0|0|0|0|0|0|0|0|0|0|0|0|0|0|0|0|0|0|0|0|0|0|0|0|0|0|0	0|0|0|0|0|0|0|0|0|0|0|0|0|0|0|0|0|0|0|0|0|0|0|0|0|0|0|0|0|0|0|0|0|0|0|0|0|0|0|0	30|30|0|0|0|0|5|0|0|0|0|0|0|0|0|0|0|0|8|100|0|0|0|0|0|0|0|0|0|0|0|0|0|0|0|0|0|0|0|0	真魂套生效!
10	8	天龙套装	天龙火衣(男)|天龙火衣(女)|天龙神剑|天龙头盔|天龙项链|天龙手镯|天龙戒指|天龙腰带|天龙靴子	0|0|0|1|0|0|0|0|0|0|0|0|0|0|0|0|0|0|0|0|0|0|0|0|0|0|0|0|0|0|0|0|0|0|0|0|0|0|0|0	0|0|0|0|0|0|0|0|0|0|0|0|0|0|0|0|0|0|0|0|0|0|0|0|0|0|0|0|0|0|0|0|0|0|0|0|0|0|0|0	50|50|0|0|5|5|5|0|0|0|0|0|0|0|0|0|11|8|8|100|0|0|0|0|0|0|0|0|0|0|0|0|0|0|0|0|0|0|0|0	天龙套生效!
12	2	时装倚天	倚天|银装素裹(男)|粉妆玉砌(女)	0|0|0|0|0|0|0|0|0|0|0|0|0|0|0|0|0|0|0|0|0|0|0|0|0|0|0|0|0|0|0|0|0|0|0|0|0|0|0|0	0|0|0|0|0|0|0|0|0|0|0|0|0|0|0|0|5|5|5|0|0|0|0|0|0|0|0|0|0|0|0|0|0|0|0|0|0|0|0|0	60|60|0|0|0|0|0|0|0|0|0|0|0|0|0|0|0|0|0|100|0|0|0|0|0|0|0|0|0|0|0|0|0|0|0|0|0|0|0|0	时装倚天套生效!
13	6	炎龙套装	炎龙战盔|炎龙项链|炎龙战戒|炎龙护腕|炎龙腰带|炎龙战靴	0|0|0|0|0|0|0|0|0|0|0|0|0|0|0|0|0|0|0|0|0|0|0|0|0|0|0|0|0|0|0|0|0|0|0|0|0|0|0|0	0|0|0|0|0|0|0|0|0|0|0|0|0|0|0|0|0|0|0|0|0|0|0|0|0|0|0|0|0|0|0|0|0|0|0|0|0|0|0|0	120|120|0|0|8|0|0|15|0|0|0|0|0|0|0|0|15|0|0|100|0|0|0|0|0|0|0|0|0|0|0|0|0|0|0|0|0|0|0|0	炎龙套生效!
14	6	雷龙套装	雷龙魔盔|雷龙项链|雷龙魔戒|雷龙护腕|雷龙腰带|雷龙魔靴	0|0|0|0|0|0|0|0|0|0|0|0|0|0|0|0|0|0|0|0|0|0|0|0|0|0|0|0|0|0|0|0|0|0|0|0|0|0|0|0	0|0|0|0|0|0|0|0|0|0|0|0|0|0|0|0|0|0|0|0|0|0|0|0|0|0|0|0|0|0|0|0|0|0|0|0|0|0|0|0	120|120|0|0|0|8|0|0|15|0|0|0|0|30|0|0|0|15|0|100|0|0|0|0|0|0|0|0|0|0|0|0|0|0|0|0|0|0|0|0	雷龙套生效!
15	6	青龙套装	青龙道盔|青龙项链|青龙道戒|青龙护腕|青龙腰带|青龙道靴	0|0|0|0|0|0|0|0|0|0|1|0|0|0|0|0|0|0|0|0|0|0|0|0|0|0|0|0|0|0|0|0|0|0|0|0|0|0|0|0	0|0|0|0|0|0|0|0|0|0|0|0|0|0|0|0|0|0|0|0|0|0|0|0|0|0|0|0|0|0|0|0|0|0|0|0|0|0|0|0	120|120|0|0|0|0|8|0|0|0|0|0|0|0|0|0|0|0|15|100|0|0|0|0|0|0|0|0|0|0|0|0|0|0|0|0|0|0|0|0	青龙套生效!
11	2	配饰套装	卧灵军鼓|卧灵斗笠	0|0|0|0|0|0|0|0|0|0|0|0|0|0|0|0|0|0|0|0|0|0|0|0|0|0|0|0|0|0|0|0|0|0|0|0|0|0|0|0	2|2|0|0|0|0|0|0|0|0|0|0|0|0|0|0|1|1|1|0|0|0|0|0|0|0|0|0|0|0|0|0|0|0|0|0|0|0|0|0	0|0|0|0|0|0|0|0|0|0|0|0|0|0|0|0|0|0|0|100|0|0|0|0|0|0|0|0|0|0|0|0|0|0|0|0|0|0|0|0	魔火配饰套生效!
16	2	配饰套装	魔火军鼓|魔火斗笠	0|0|0|0|0|0|0|0|0|0|0|0|0|0|0|0|0|0|0|0|0|0|0|0|0|0|0|0|0|0|0|0|0|0|0|0|0|0|0|0	3|3|0|0|0|0|0|0|0|0|0|0|0|0|2|2|1|1|1|0|0|0|0|0|0|0|0|0|0|0|0|0|0|0|0|0|0|0|0|0	0|0|0|0|0|0|0|0|0|0|0|0|0|0|0|0|0|0|0|100|0|0|0|0|0|0|0|0|0|0|0|0|0|0|0|0|0|0|0|0	魔火配饰套生效!
17	2	配饰套装	盛世军鼓|盛世斗笠	0|0|0|0|0|0|0|0|0|0|0|0|0|0|0|0|0|0|0|0|0|0|0|0|0|0|0|0|0|0|0|0|0|0|0|0|0|0|0|0	5|5|0|0|0|0|0|0|0|0|0|0|0|0|2|2|2|2|2|0|0|0|0|0|0|0|0|0|0|0|0|0|0|0|0|0|0|0|0|0	0|0|0|0|0|0|0|0|0|0|0|0|0|0|0|0|0|0|0|100|0|0|0|0|0|0|0|0|0|0|0|0|0|0|0|0|0|0|0|0	盛世配饰套生效!
18	1	千年寒冰	千年寒冰	0|0|0|0|0|0|0|0|0|0|0|0|0|0|0|0|1|0|0|0|0|0|0|0|0|0|0|0|0|0|0|0|0|0|0|0|0|0|0|0	0|0|0|0|0|0|0|0|0|0|0|0|0|0|0|0|0|0|0|0|0|0|0|0|0|0|0|0|0|0|0|0|0|0|0|0|0|0|0|0	0|0|0|0|0|0|0|0|0|0|0|0|0|0|0|0|0|0|0|100|0|0|0|0|0|0|0|0|0|0|0|0|0|0|0|0|0|0|0|0	
19	6	王者套装	王者头盔|王者项链|王者戒指|王者护腕|王者腰带|王者之靴	0|0|0|0|0|0|0|0|0|0|0|0|0|0|0|0|0|0|0|0|0|0|0|0|0|0|0|0|0|0|0|0|0|0|0|0|0|0|0|0	0|0|0|0|0|0|0|0|0|0|0|0|0|0|0|0|0|0|0|0|0|0|0|0|0|0|0|0|0|0|0|0|0|0|0|0|0|0|0|0	130|130|3|3|5|5|5|0|0|0|0|0|0|0|10|10|13|13|13|100|0|0|0|0|0|0|0|0|0|0|0|0|0|0|0|0|0|0|0|0	王者套生效!
20	2	王者套装	王者之杖|王者之剑|王者之刃|王者战甲(男)|王者战甲(女)|王者魔衣(男)|王者魔衣(女)|王者道袍(男)|王者道袍(女)	0|0|0|0|0|0|0|0|0|0|0|0|0|0|0|0|0|0|0|0|0|0|0|0|0|0|0|0|0|0|0|0|0|0|0|0|0|0|0|0	0|0|0|0|0|0|0|0|0|0|0|0|0|0|0|0|0|0|0|0|0|0|0|0|0|0|0|0|0|0|0|0|0|0|0|0|0|0|0|0	0|0|5|5|5|5|5|0|0|0|0|0|0|0|5|5|5|5|5|100|0|0|0|0|0|0|0|0|0|0|0|0|0|0|0|0|0|0|0|0	王者套生效!
21	11	传奇套装	传奇神杖|传奇神扇|传奇神剑|传奇神甲(男)|传奇神甲(女)|传奇之冠|传奇项链|传奇之戒|传奇护腕|传奇腰带|传奇之靴|传奇面巾|传奇印|传奇勋章	0|0|0|0|0|0|0|0|0|0|0|0|0|0|0|0|0|0|0|0|0|0|0|0|0|0|0|0|0|0|0|0|0|0|0|0|0|0|0|0	10|10|0|0|0|0|0|0|0|0|0|0|0|0|10|10|10|10|10|0|0|0|0|0|0|0|0|0|0|0|0|0|0|0|0|0|0|0|0|0	0|0|0|0|0|0|0|0|0|0|0|0|0|0|0|0|0|0|0|100|0|0|0|0|0|0|0|0|0|0|0|0|0|0|0|0|0|0|0|0	传奇套生效!
22	2	时装浪漫	花前月下|粉色比基尼|条纹泳裤	0|0|0|0|0|0|0|0|0|0|0|0|0|0|0|0|0|0|0|0|0|0|0|0|0|0|0|0|0|0|0|0|0|0|0|0|0|0|0|0	0|0|0|0|0|0|0|0|0|0|0|0|0|0|0|0|7|7|7|0|0|0|0|0|0|0|0|0|0|0|0|0|0|0|0|0|0|0|0|0	20|20|0|0|0|0|0|0|0|0|0|0|0|0|0|0|0|0|0|100|0|0|0|0|0|0|0|0|0|0|0|0|0|0|0|0|0|0|0|0	时装浪漫套生效!
23	12	生肖神佑	子鼠神佑|丑牛神佑|寅虎神佑|卯兔神佑|辰龙神佑|巳蛇神佑|午马神佑|未羊神佑|申猴神佑|酉鸡神佑|戌狗神佑|亥猪神佑	0|0|0|0|0|0|0|0|0|0|1|0|0|0|0|0|0|1|0|1|0|0|0|0|0|0|0|0|0|0|0|0|0|0|0|0|0|0|0|0	5|5|0|0|0|0|0|5|5|0|0|0|5|5|5|5|2|2|2|0|0|0|0|0|0|0|0|0|0|0|0|0|0|0|0|0|0|0|0|0	0|0|0|0|0|0|0|0|0|0|0|0|0|0|0|0|0|0|0|100|0|0|0|0|0|0|0|0|0|0|0|0|0|0|0|0|0|0|0|0	生肖神佑生效!
24	11	皓月套装	皓月魔杖|皓月羽扇|皓月神剑|皓月神甲(男)|皓月神甲(女)|皓月之冠|皓月项链|皓月之戒|皓月护腕|皓月腰带|皓月之靴|皓月面巾|皓月印|皓月勋章	0|0|1|0|0|0|0|0|0|0|0|0|0|0|0|0|0|0|0|1|0|0|0|0|0|0|0|0|0|0|0|0|0|0|0|0|0|0|0|0	10|10|0|0|0|0|0|0|0|0|0|0|0|0|13|13|13|13|13|0|0|0|0|0|0|0|0|0|0|0|0|0|0|0|0|0|0|0|0|0	0|0|0|0|0|0|0|0|0|0|0|0|0|0|0|0|0|0|0|100|0|0|0|0|0|0|0|0|0|0|0|0|0|0|0|0|0|0|0|0	皓月套生效!
25	5	命格玄灵	命格・玄灵・金|命格・玄灵・木|命格・玄灵・水|命格・玄灵・火|命格・玄灵・土	0|0|0|0|0|0|0|0|0|0|0|0|0|0|1|0|0|0|0|0|0|0|0|0|0|0|0|0|0|0|0|0|0|0|0|0|0|0|0|0	0|0|0|0|0|0|0|0|0|0|0|0|0|0|0|0|1|1|1|0|0|0|0|0|0|0|0|0|0|0|0|0|0|0|0|0|0|0|0|0	0|0|0|0|0|0|0|0|0|0|0|0|0|0|0|0|0|0|0|100|0|0|0|0|0|0|0|0|0|0|0|0|0|0|0|0|0|0|0|0	命格玄灵生效!
26	5	命格破军	命格・破军・金|命格・破军・木|命格・破军・水|命格・破军・火|命格・破军・土	0|0|0|0|0|0|0|0|0|1|0|1|1|0|0|0|0|0|0|0|0|0|0|0|0|0|0|0|0|0|0|0|0|0|0|0|0|0|0|0	0|0|0|0|0|0|0|0|0|0|0|0|0|0|0|0|3|3|3|0|0|0|0|0|0|0|0|0|0|0|0|0|0|0|0|0|0|0|0|0	0|0|0|0|0|0|0|0|0|0|0|0|0|0|0|0|0|0|0|100|0|0|0|0|0|0|0|0|0|0|0|0|0|0|0|0|0|0|0|0	命格破军生效!
27	5	命格守护	命格・守护・金|命格・守护・木|命格・守护・水|命格・守护・火|命格・守护・土	0|0|0|0|0|0|0|0|0|0|0|0|0|0|0|1|0|0|0|0|0|0|0|0|0|0|0|0|0|0|0|0|0|0|0|0|0|0|0|0	10|10|0|0|0|0|0|0|0|0|0|0|0|0|3|3|0|0|0|0|0|0|0|0|0|0|0|0|0|0|0|0|0|0|0|0|0|0|0|0	0|0|0|0|0|0|0|0|0|0|0|0|0|0|0|0|0|0|0|100|0|0|0|0|0|0|0|0|0|0|0|0|0|0|0|0|0|0|0|0	命格守护生效!
28	2	女娲	女娲の荣耀|女娲の庇佑(男)|女娲の庇佑(女)	0|0|0|0|0|0|0|0|0|0|0|0|0|0|0|0|0|0|0|0|0|0|0|0|0|0|0|0|0|0|0|0|0|0|0|0|0|0|0|0	10|10|0|0|0|0|0|0|0|0|0|0|0|0|3|3|10|10|10|0|0|0|0|0|0|0|0|0|0|0|0|0|0|0|0|0|0|0|0|0	0|0|0|0|0|0|0|0|0|0|0|0|0|0|0|0|0|0|0|100|0|0|0|0|0|0|0|0|0|0|0|0|0|0|0|0|0|0|0|0	女娲の恩赐套装生效!
29	2	诛仙战士套装	诛仙战刃|诛仙战甲(男)|诛仙战甲(女)	0|0|0|0|0|0|0|0|0|0|0|0|0|0|0|0|0|0|0|0|0|0|0|0|0|0|0|0|0|0|0|0|0|0|0|0|0|0|0|0	10|10|0|0|0|0|0|0|0|0|0|0|0|0|2|2|5|0|0|0|0|0|0|0|0|0|0|0|0|0|0|0|0|0|0|0|0|0|0|0	0|0|0|0|0|0|0|0|0|0|0|0|0|0|0|0|0|0|0|100|0|0|0|0|0|0|0|0|0|0|0|0|0|0|0|0|0|0|0|0	诛仙战士套生效!
30	2	诛仙法师套装	诛仙魔杖|诛仙魔衣(女)|诛仙魔衣(男)	0|0|0|0|0|0|0|0|0|0|0|0|0|0|0|0|0|0|0|0|0|0|0|0|0|0|0|0|0|0|0|0|0|0|0|0|0|0|0|0	10|10|0|0|0|0|0|0|0|0|0|0|0|0|2|2|0|5|0|0|0|0|0|0|0|0|0|0|0|0|0|0|0|0|0|0|0|0|0|0	0|0|0|0|0|0|0|0|0|0|0|0|0|0|0|0|0|0|0|100|0|0|0|0|0|0|0|0|0|0|0|0|0|0|0|0|0|0|0|0	诛仙法师套生效!
31	2	诛仙道士套装	诛仙宝扇|诛仙道袍(女)|诛仙道袍(男)	0|0|0|0|0|0|0|0|0|0|0|0|0|0|0|0|0|0|0|0|0|0|0|0|0|0|0|0|0|0|0|0|0|0|0|0|0|0|0|0	10|10|0|0|0|0|0|0|0|0|0|0|0|0|2|2|0|0|5|0|0|0|0|0|0|0|0|0|0|0|0|0|0|0|0|0|0|0|0|0	0|0|0|0|0|0|0|0|0|0|0|0|0|0|0|0|0|0|0|100|0|0|0|0|0|0|0|0|0|0|0|0|0|0|0|0|0|0|0|0	诛仙道士套生效!
32	9	诛仙套装	诛仙头盔|诛仙项链|诛仙戒指|诛仙护腕|诛仙腰带|诛仙之靴|诛仙面巾|诛仙印|诛仙勋章	0|0|0|0|0|1|0|0|0|0|0|0|1|0|0|0|0|0|0|0|0|0|0|0|0|0|0|0|0|0|0|0|0|0|0|0|0|0|0|0	10|10|0|0|0|0|0|0|0|0|0|0|0|0|15|15|20|20|20|0|0|0|0|0|0|0|0|0|0|0|0|0|0|0|0|0|0|0|0|0	0|0|0|0|0|0|0|0|0|0|0|0|0|0|0|0|0|0|0|100|0|0|0|0|0|0|0|0|0|0|0|0|0|0|0|0|0|0|0|0	诛仙道士套生效!
33	9	神龙套装	神龙头盔|神龙项链|神龙戒指|神龙护腕|神龙腰带|神龙之靴|神龙面巾|神龙印|神龙勋章	0|0|0|1|0|0|0|0|0|0|0|0|0|0|0|0|0|0|1|0|0|0|0|0|0|0|0|0|0|0|0|0|0|0|0|0|0|0|0|0	30|10|0|0|0|0|0|0|0|0|0|0|0|0|18|18|22|22|22|0|0|0|0|0|0|0|0|0|0|0|0|0|0|0|0|0|0|0|0|0	0|0|0|0|0|0|0|20|0|0|0|0|0|0|0|0|0|0|0|230|0|0|0|0|0|0|0|0|0|0|0|0|0|0|0|0|0|0|0|0	神龙套生效!
34	2	神龙套装	神龙战刃|神龙宝扇|神龙魔杖|神龙圣甲(男)|神龙圣甲(女)	0|0|0|0|0|0|0|0|0|0|0|0|0|0|0|0|0|0|0|0|0|0|0|0|0|0|0|0|0|0|0|0|0|0|0|0|0|0|0|0	0|0|0|0|0|0|0|0|0|0|0|0|0|0|0|0|0|0|0|0|0|0|0|0|0|0|0|0|0|0|0|0|0|0|0|0|0|0|0|0	0|0|0|0|0|0|0|0|20|1|0|0|5|5|0|0|0|0|0|100|0|0|0|0|0|0|0|0|0|0|0|0|0|0|0|0|0|0|0|0	神龙专属套生效!
35	2	真龙套装	真龙战刃|真龙羽扇|真龙法杖|真龙神甲(男)|真龙神甲(女)	0|0|0|0|0|0|0|0|0|0|1|0|0|0|0|0|0|0|0|0|0|0|0|0|0|0|0|0|0|0|0|0|0|0|0|0|0|0|0|0	0|0|0|0|0|0|0|0|0|0|0|0|0|0|0|0|0|0|0|0|0|0|0|0|0|0|0|0|0|0|0|0|0|0|0|0|0|0|0|0	0|0|0|0|0|0|0|0|30|2|0|0|8|8|0|0|0|0|0|100|0|0|0|0|0|0|0|0|0|0|0|0|0|0|0|0|0|0|0|0	真龙专属套生效!
36	9	真龙套装	真龙头盔|真龙项链|真龙戒指|真龙护腕|真龙腰带|真龙靴子|真龙面巾|真龙印|真龙勋章	0|0|0|1|0|0|0|0|0|0|0|0|0|0|0|0|0|0|1|0|0|0|0|0|0|0|0|0|0|0|0|0|0|0|0|0|0|0|0|0	35|20|0|0|0|0|0|10|0|0|0|0|0|0|25|25|27|27|27|0|0|0|0|0|0|0|0|0|0|0|0|0|0|0|0|0|0|0|0|0	0|0|0|0|0|0|0|0|0|0|0|0|0|0|0|0|0|0|0|280|0|0|0|0|0|0|0|0|0|0|0|0|0|0|0|0|0|0|0|0	真龙套生效!
37	2	齐天	金箍棒|齐天(男)|齐天(女)	0|0|0|0|0|0|0|0|0|1|0|1|1|0|0|0|0|0|0|0|0|0|0|0|0|0|0|0|0|0|0|0|0|0|0|0|0|0|0|0	0|0|0|0|0|0|0|0|0|0|0|0|0|0|0|0|0|0|0|0|0|0|0|0|0|0|0|0|0|0|0|0|0|0|0|0|0|0|0|0	888|888|0|0|18|18|18|38|38|0|0|0|10|10|0|0|38|38|38|100|0|0|0|0|0|0|0|0|0|0|0|0|0|0|0|0|0|0|0|0	齐天大圣，斗战胜佛!
38	2	灵蛇	灵蛇战刃|灵蛇法杖|灵蛇羽扇|灵蛇神甲(男)|灵蛇神甲(女)	0|0|0|0|0|0|0|0|0|0|0|0|0|0|0|0|0|0|0|0|0|0|0|0|0|0|0|0|0|0|0|0|0|0|0|0|0|0|0|0	10|10|0|0|0|0|0|0|0|0|0|0|0|0|5|5|9|9|9|0|0|0|0|0|0|0|0|0|0|0|0|0|0|0|0|0|0|0|0|0	0|0|0|0|0|0|0|30|30|0|0|0|0|10|0|0|0|0|0|100|0|0|0|0|0|0|0|0|0|0|0|0|0|0|0|0|0|0|0|0	灵蛇套装触发!
39	9	灵蛇	灵蛇头盔|灵蛇面巾|灵蛇项链|灵蛇护腕|灵蛇戒指|灵蛇腰带|灵蛇靴子|灵蛇勋章|灵蛇印	0|0|0|0|0|0|0|0|0|0|0|0|0|0|0|0|0|0|0|0|0|0|0|0|0|0|0|0|0|0|0|0|0|0|0|0|0|0|0|0	40|40|0|0|0|0|0|0|0|0|0|0|0|0|30|30|30|30|30|0|0|0|0|0|0|0|0|0|0|0|0|0|0|0|0|0|0|0|0|0	0|0|0|0|0|0|0|0|0|0|0|0|0|0|0|0|0|0|0|100|0|0|0|0|0|0|0|0|0|0|0|0|0|0|0|0|0|0|0|0	灵蛇套装触发!
40	9	神羊	神羊头盔|神羊面巾|神羊项链|神羊护腕|神羊戒指|神羊腰带|神羊靴子|神羊勋章|神羊印	0|0|0|0|0|0|0|0|0|0|0|0|0|0|0|0|1|0|1|0|0|0|0|0|0|0|0|0|0|0|0|0|0|0|0|0|0|0|0|0	50|50|0|0|0|0|0|0|0|0|0|0|0|0|50|50|50|42|42|0|0|0|0|0|0|0|0|0|0|0|0|0|0|0|0|0|0|0|0|0	0|0|0|0|0|0|0|0|0|0|0|0|0|0|0|0|0|0|0|100|0|0|0|0|0|0|0|0|0|0|0|0|0|0|0|0|0|0|0|0	神羊套装触发!
41	2	神羊套	神羊战刃|神羊法杖|神羊道剑|神羊战甲(男)|神羊战甲(女)|神羊法衣(男)|神羊法衣(女)|神羊道袍(男)|神羊道袍(女)	0|0|0|1|0|0|0|0|0|0|0|0|0|0|0|0|0|0|0|0|0|0|0|0|0|0|0|0|0|0|0|0|0|0|0|0|0|0|0|0	10|10|0|0|0|0|0|0|0|0|0|0|0|0|10|10|10|10|10|0|0|0|0|0|0|0|0|0|0|0|0|0|0|0|0|0|0|0|0|0	0|0|0|0|0|0|0|0|0|0|0|0|0|0|0|0|0|0|0|100|0|0|0|0|0|0|0|0|0|0|0|0|0|0|0|0|0|0|0|0	神羊套装触发!
