
;银杏山谷（银杏新人村）
;--------------------------------------------------
n0	636	614    0       10        2      0       0

;安全区/复活点

;比奇城
;--------------------------------------------------
n0	329	264     0       9        2      0       0

;毒蛇山谷村庄
;--------------------------------------------------
2	503	483     0       8        2      0       0   

;白日门
;--------------------------------------------------
n11	177	327	0	5	2	0	0

;盟重土城
;--------------------------------------------------
n3	330	333     0       10       2     0       0

;红名村
;--------------------------------------------------
n3	850	675     0       8       2      0       0
;封魔谷
;--------------------------------------------------
n4	240	200     0       10      2      0       0

;苍月岛
;--------------------------------------------------
n5	141	337     0       10        2      0       0

;魔龙城
;--------------------------------------------------
n6       124     156     0       10       2      0        0

;神龙帝国
;--------------------------------------------------
sldg      259     320     0       10       2      0        0

;狐月山
;--------------------------------------------------
nfox02      52     66     0       10       2      0        0
pp      13      13      0      10        2      0         0